[gd_scene load_steps=17 format=2]

[ext_resource path="res://characters/enemies/reptile/assets/reptilemonster.glb" type="PackedScene" id=1]
[ext_resource path="res://characters/Hitbox.tscn" type="PackedScene" id=2]
[ext_resource path="res://characters/enemies/monster.gd" type="Script" id=3]
[ext_resource path="res://characters/HealthManager.tscn" type="PackedScene" id=4]
[ext_resource path="res://characters/CharacterMover.tscn" type="PackedScene" id=5]
[ext_resource path="res://characters/enemies/AimAtObject.gd" type="Script" id=6]
[ext_resource path="res://weapons/FireballSpawner.tscn" type="PackedScene" id=7]

[sub_resource type="CapsuleShape" id=2]
radius = 0.0677454
height = 0.393224

[sub_resource type="CapsuleShape" id=3]
radius = 0.0418914
height = 0.333529

[sub_resource type="CapsuleShape" id=4]
radius = 0.0421897
height = 0.333529

[sub_resource type="CapsuleShape" id=5]
radius = 0.0677454
height = 0.416178

[sub_resource type="CapsuleShape" id=6]
radius = 0.0417866
height = 0.43875

[sub_resource type="BoxShape" id=7]
extents = Vector3( 0.259723, 0.213406, 0.237865 )

[sub_resource type="BoxShape" id=8]
extents = Vector3( 0.151754, 0.268559, 0.170409 )

[sub_resource type="BoxShape" id=9]
extents = Vector3( 0.0681324, 0.283943, 0.0781134 )

[sub_resource type="CapsuleShape" id=1]
radius = 0.5

[node name="ReptileMonster" type="KinematicBody"]
collision_layer = 2
collision_mask = 7
script = ExtResource( 3 )
attack_range = 100.0

[node name="Graphics" parent="." instance=ExtResource( 1 )]

[node name="ArmUL" type="BoneAttachment" parent="Graphics/Armature/Skeleton" index="1"]
transform = Transform( -0.768204, 0.639068, -0.0381404, -0.634004, -0.767684, -0.0932756, -0.0888892, -0.0474735, 0.994909, 0.218738, 1.59086, 0.0117653 )
bone_name = "upper_arml"

[node name="Hitbox" parent="Graphics/Armature/Skeleton/ArmUL" instance=ExtResource( 2 )]

[node name="CollisionShape" type="CollisionShape" parent="Graphics/Armature/Skeleton/ArmUL/Hitbox"]
transform = Transform( 1, -4.47035e-07, 8.9407e-08, 1.49012e-08, 0.5, -0.866025, 0, 0.866025, 0.5, -0.0377822, 0.133673, 0.144075 )
shape = SubResource( 2 )

[node name="ArmUR" type="BoneAttachment" parent="Graphics/Armature/Skeleton" index="2"]
transform = Transform( -0.768204, -0.639068, 0.0381405, 0.634004, -0.767684, -0.0932756, 0.0888892, -0.0474735, 0.994909, -0.218738, 1.59086, 0.0117653 )
bone_name = "upper_armr"

[node name="Hitbox" parent="Graphics/Armature/Skeleton/ArmUR" instance=ExtResource( 2 )]

[node name="CollisionShape" type="CollisionShape" parent="Graphics/Armature/Skeleton/ArmUR/Hitbox"]
transform = Transform( 1, 8.9407e-08, -1.02445e-08, 2.98023e-08, 0.5, -0.866025, -8.9407e-08, 0.866026, 0.5, 0.0520976, 0.1565, 0.0982949 )
shape = SubResource( 2 )

[node name="ArmLL" type="BoneAttachment" parent="Graphics/Armature/Skeleton" index="3"]
transform = Transform( -0.859372, 0.371408, -0.351477, -0.506519, -0.712558, 0.48549, -0.0701327, 0.595246, 0.800477, 0.43137, 1.33543, -0.00403016 )
bone_name = "lower_arml"

[node name="Hitbox" parent="Graphics/Armature/Skeleton/ArmLL" instance=ExtResource( 2 )]

[node name="CollisionShape" type="CollisionShape" parent="Graphics/Armature/Skeleton/ArmLL/Hitbox"]
transform = Transform( 0.960948, -1.49012e-08, 0.276727, 0.26737, 0.257858, -0.928451, -0.0713564, 0.966182, 0.247788, -0.0608714, 0.113434, 0.0209893 )
shape = SubResource( 3 )

[node name="ArmLR" type="BoneAttachment" parent="Graphics/Armature/Skeleton" index="4"]
transform = Transform( -0.859371, -0.371408, 0.351477, 0.506519, -0.712557, 0.48549, 0.0701327, 0.595246, 0.800477, -0.43137, 1.33543, -0.00403017 )
bone_name = "lower_armr"

[node name="Hitbox" parent="Graphics/Armature/Skeleton/ArmLR" instance=ExtResource( 2 )]

[node name="CollisionShape" type="CollisionShape" parent="Graphics/Armature/Skeleton/ArmLR/Hitbox"]
transform = Transform( 0.932991, -3.53903e-08, -0.359899, -0.359899, -1.78814e-07, -0.932991, -2.98023e-08, 1, -2.38419e-07, 0.0685509, 0.117085, 0.0148079 )
shape = SubResource( 4 )

[node name="LegUL" type="BoneAttachment" parent="Graphics/Armature/Skeleton" index="5"]
transform = Transform( -0.974353, 0.104194, 0.199444, -0.0552489, -0.969979, 0.236828, 0.218133, 0.219736, 0.950858, 0.123436, 0.961497, 1.56462e-07 )
bone_name = "upper_legl"

[node name="Hitbox" parent="Graphics/Armature/Skeleton/LegUL" instance=ExtResource( 2 )]

[node name="CollisionShape" type="CollisionShape" parent="Graphics/Armature/Skeleton/LegUL/Hitbox"]
transform = Transform( 1, -2.98023e-08, 1.78814e-07, -7.45058e-08, -8.9407e-08, -1, -1.3411e-07, 1, -8.9407e-08, 0.00163351, 0.270603, 4.76837e-07 )
shape = SubResource( 5 )

[node name="LegUR" type="BoneAttachment" parent="Graphics/Armature/Skeleton" index="6"]
transform = Transform( -0.974353, -0.104195, -0.199445, 0.0552499, -0.969979, 0.236828, -0.218134, 0.219736, 0.950857, -0.123436, 0.961497, 1.56462e-07 )
bone_name = "upper_legr"

[node name="Hitbox" parent="Graphics/Armature/Skeleton/LegUR" instance=ExtResource( 2 )]

[node name="CollisionShape" type="CollisionShape" parent="Graphics/Armature/Skeleton/LegUR/Hitbox"]
transform = Transform( 1, 0, 1.45286e-07, 1.11759e-08, -1.93715e-07, -1, 0, 1, -1.63913e-07, -0.00230499, 0.275168, 2.98023e-07 )
shape = SubResource( 5 )

[node name="LegLL" type="BoneAttachment" parent="Graphics/Armature/Skeleton" index="7"]
transform = Transform( -0.978013, -0.0485491, 0.20281, 0.0195293, -0.989571, -0.14271, 0.207624, -0.135611, 0.968761, 0.175063, 0.48088, 0.108877 )
bone_name = "lowerlegl"

[node name="Hitbox" parent="Graphics/Armature/Skeleton/LegLL" instance=ExtResource( 2 )]

[node name="CollisionShape" type="CollisionShape" parent="Graphics/Armature/Skeleton/LegLL/Hitbox"]
transform = Transform( 0.978567, 3.57628e-07, 0.205931, 0.205931, -2.98023e-08, -0.978567, 2.98023e-08, 1, -1.93715e-07, -7.45058e-09, 0.281212, 0.0210248 )
shape = SubResource( 6 )

[node name="LegLR" type="BoneAttachment" parent="Graphics/Armature/Skeleton" index="8"]
transform = Transform( -0.978013, 0.0485482, -0.202811, -0.0195284, -0.989572, -0.14271, -0.207625, -0.13561, 0.968761, -0.175064, 0.48088, 0.108877 )
bone_name = "lowerlegr"

[node name="Hitbox" parent="Graphics/Armature/Skeleton/LegLR" instance=ExtResource( 2 )]

[node name="CollisionShape" type="CollisionShape" parent="Graphics/Armature/Skeleton/LegLR/Hitbox"]
transform = Transform( 0.972925, 2.38419e-07, -0.231119, -0.231119, -1.49012e-07, -0.972925, 2.68221e-07, 1, -8.9407e-08, 0.0279583, 0.316981, -3.12924e-07 )
shape = SubResource( 6 )

[node name="Hip" type="BoneAttachment" parent="Graphics/Armature/Skeleton" index="9"]
transform = Transform( 1, 0, 0, 0, 0.978673, -0.205425, 0, 0.205425, 0.978673, 2.84689e-18, 0.948998, -0.0952436 )
bone_name = "hip"

[node name="Hitbox" parent="Graphics/Armature/Skeleton/Hip" instance=ExtResource( 2 )]

[node name="CollisionShape" type="CollisionShape" parent="Graphics/Armature/Skeleton/Hip/Hitbox"]
transform = Transform( 1, 2.38419e-07, 2.5332e-07, 7.45058e-08, -5.96046e-08, -1, 2.98023e-08, 1, -8.9407e-08, 4.83399e-08, 0.286111, 0.115734 )
shape = SubResource( 7 )

[node name="Body" type="BoneAttachment" parent="Graphics/Armature/Skeleton" index="10"]
transform = Transform( 1, 1.77636e-15, -2.38419e-07, -2.5024e-08, 0.994477, -0.104958, 2.37102e-07, 0.104958, 0.994477, 2.84689e-18, 1.20205, -0.042127 )
bone_name = "body"

[node name="Hitbox" parent="Graphics/Armature/Skeleton/Body" instance=ExtResource( 2 )]

[node name="CollisionShape" type="CollisionShape" parent="Graphics/Armature/Skeleton/Body/Hitbox"]
transform = Transform( 1, -2.13163e-14, -7.10543e-14, 0, 1, 0, 0, 0, 1, -1.42109e-14, 0.320246, 0.198082 )
shape = SubResource( 8 )

[node name="Hitbox2" parent="Graphics/Armature/Skeleton/Body" instance=ExtResource( 2 )]
transform = Transform( 1, 0, -1.42109e-14, 0, 1, 0, 0, 0, 1, 0, 0, 0 )
weak_spot = true

[node name="CollisionShape2" type="CollisionShape" parent="Graphics/Armature/Skeleton/Body/Hitbox2"]
transform = Transform( 1, 3.06809e-08, 1.51505e-07, 1.51505e-07, -0.38906, -0.921213, 3.06809e-08, 0.921213, -0.38906, 1.34114e-07, 0.607873, 0.263892 )
shape = SubResource( 9 )

[node name="AnimationPlayer" parent="Graphics" index="1"]
autoplay = "idle_loop"

[node name="CollisionShape" type="CollisionShape" parent="."]
transform = Transform( 1, 0, 0, 0, -4.37114e-08, 1, 0, -1, -4.37114e-08, 0, 1, 0 )
shape = SubResource( 1 )

[node name="HealthManager" parent="." instance=ExtResource( 4 )]
max_health = 20

[node name="CharacterMover" parent="." instance=ExtResource( 5 )]
move_accel = 2
max_speed = 10
ignore_rotation = true

[node name="AimAtObject" type="Spatial" parent="."]
transform = Transform( 1, 0, 0, 0, 1, 0, 0, 0, 1, 0, 1.18819, 0.379876 )
script = ExtResource( 6 )

[node name="FireballSpawner" parent="AimAtObject" instance=ExtResource( 7 )]
transform = Transform( -1, 0, -3.25841e-07, 0, 1, 0, 3.25841e-07, 0, -1, 0, 0, 0.669172 )

[editable path="Graphics"]
