[gd_scene load_steps=9 format=2]

[ext_resource path="res://effects/Gib.tscn" type="PackedScene" id=1]
[ext_resource path="res://effects/circle32.png" type="Texture" id=2]
[ext_resource path="res://effects/Gibs.gd" type="Script" id=3]

[sub_resource type="Curve" id=1]
_data = [ Vector2( 0, 0 ), 0.0, 4.38455, 0, 0, Vector2( 1, 0 ), -3.94834, 0.0, 0, 0 ]

[sub_resource type="CurveTexture" id=2]
curve = SubResource( 1 )

[sub_resource type="ParticlesMaterial" id=3]
direction = Vector3( 0, 1, 0 )
initial_velocity = 5.0
scale = 0.2
scale_curve = SubResource( 2 )
color = Color( 0.388235, 0, 0, 1 )

[sub_resource type="SpatialMaterial" id=4]
flags_transparent = true
flags_unshaded = true
vertex_color_use_as_albedo = true
params_billboard_mode = 3
particles_anim_h_frames = 1
particles_anim_v_frames = 1
particles_anim_loop = false
albedo_texture = ExtResource( 2 )

[sub_resource type="QuadMesh" id=5]
material = SubResource( 4 )

[node name="Gibs" type="Spatial"]
script = ExtResource( 3 )

[node name="Gib" parent="." instance=ExtResource( 1 )]
transform = Transform( 0.495732, 0.302869, -0.813953, -0.521352, 0.853342, 2.54316e-08, 0.69458, 0.424356, 0.58093, 0.415135, 0.127505, 0.461632 )

[node name="Gib2" parent="." instance=ExtResource( 1 )]
transform = Transform( 0.816883, -0.544074, -0.191535, 0.576803, 0.770531, 0.271256, 0, -0.332062, 0.943257, -0.125574, 0.278432, -0.0786295 )

[node name="Gib3" parent="." instance=ExtResource( 1 )]
transform = Transform( 0.484706, -0.306501, -0.563332, -0.214719, 0.587816, -0.504573, 0.604302, 0.454703, 0.272561, -0.232525, 0.147785, 0.53883 )

[node name="Gib4" parent="." instance=ExtResource( 1 )]
transform = Transform( -0.0155892, 0.633613, 0.773493, -0.794216, 0.462115, -0.394551, -0.607436, -0.620472, 0.496021, 0.300157, 0.42845, -0.367301 )

[node name="Particles" type="Particles" parent="."]
emitting = false
amount = 16
one_shot = true
explosiveness = 0.9
local_coords = false
process_material = SubResource( 3 )
draw_pass_1 = SubResource( 5 )
